수 1 2 3 (2214)
목 7 8 9 (2509-1)
화 1 2 3 (2311-1)
목 4 5 6 (2311-1)
금 1 2 8 (1303)
금 5 6 7 (1303)
월 1 2 금 4 (0509)
수 1 2 금 5 (0508)
수 5 6 금 7 (0508)
월 2 수 7 8 (0508)
수 5 6 금 1 (0412)
수 7 8 금 2 (0412)
월 5 금 3 4 (0404)
월 3 금 5 6 (0404)
월 1 (0301) 수 3 4 (0513)
월 1 수 5 6 (0511)
월 2 (0301) 금 5 6 (0511)
월 2 금 7 8 (0512)
월 1 2 금 5 (0413)
월 3 4 (0413) 수 2 (0301)
월 5 6 (0311) 수 2 (0411)
월 3 금 5 6 (0412)
월 5 6 수 1 (0511)
월 7 8 수 3 (0511)
월 5 수 1 2 (0512)
수 5 6 (0404) 금 1 (0301)
수 1 2 금 5 (0409)
수 3 4 금 6 (0409)
화 2 금 3 4 (0512)
화 8 금 5 6 (0512)
월 1 2 금 2 (0410)
월 3 4 수 8 (0409)
월 5 6 (0409) 금 2 (0301)
월 8 수 3 4 (0411)
수 1 (0301) 금 5 6 (0509)
수 3 금 7 8 (0509)
월 3 4 수 2 (0410)
월 7 8 금 7 (0410)
수 7 8 금 8 (0513)
수 7 금 3 4 (0411)
수 5 금 5 6 (0411)
월 3 4 수 6 (0513)
수 5 6 금 3 (0410)
월 6 수 3 4 (0512)
월 8 수 5 6 (0512)
월 6 금 1 2 (0513)
수 1 금 3 4 (0513)
수 2 금 5 6 (0513)
월 4 수 1 2 (0412)
월 7 (0512) 수 3 4 (0412)
수 3 금 5 6 (0514)
월 3 4 수 6 (0509)
월 5 6 수 4 (0509)
월 7 8 수 5 (0509)
화 3 목 1 2 (2312)
월 1 2 금 5 (2509)
월 3 4 금 6 (2509)
월 1 2 목 3 (2509-1)
수 3 4 금 3 (2311-1)
목 3 4 금 5 (2314)
수 5 6 금 4 (2303-2)


화 7 8 9 (2516)
화 1 2 3 (2414)
월 1 2 3 (2313)
월 7 8 9 (2313)
수 1 2 3 (2313)
수 7 8 9 (2313)
월 1 2 3 (2406)
월 7 8 9 (2406)
목 1 2 3 (2406)
목 7 8 9 (2406)
월 4 5 6 (2214)
월 7 8 9 (2214)
수 4 5 6 (2214)
목 4 5 6 (2214)
화 1 2 3 (2413)
화 4 5 6 (2413)
수 1 2 3 (2413)
수 4 5 6 (2413)
화 1 2 3 (2301)
화 7 8 9 (2301)
목 4 5 6 (2401)
월 4 5 6 (2301)
화 4 5 6 (2414)
화 7 8 9 (2414)
금 1 2 3 (2305)
금 5 6 7 (2305)
금 1 2 3 (2414)
금 4 5 6 (2414)
수 1 2 3 (2303)
수 7 8 9 (2303)
화 4 5 6 (2305)
화 7 8 9 (2305)
수 4 5 6 (2414)
수 7 8 9 (2414)
목 1 2 3 (2414)
목 4 5 6 (2414)
화 1 2 3 (2516)
화 4 5 6 (2516)
월 4 5 6 (2517)
월 7 8 9 (2517)
목 7 8 9 (2517)
수 4 5 6 (2301)
금 4 5 6 (2302)
목 7 8 9 (2414)
월 1 2 3 (2517)


월 7 8 (0508)
수 1 2 (0404)
수 3 4 (0410)
금 3 4 (0508)
금 5 6 (0309)
화 3 4 (0508)
금 3 4 (0206)
금 5 6 (0206)
화 5 6 (2515)
화 7 8 (2515)
목 5 6 (0409)
목 7 8 (0409)


월 1 2 3 (2512)
수 1 2 3 (0207)
월 1 2 3 (2303)
금 3 4 5 (2313)
화 1 2 (2201)
금 1 2 (2301)
월 7 8 (2201)
월 3 4 (2201)
금 6 7 (2301)
목 7 8 (2214-1)
목 9 10 (2214-1)
화 3 4 (2408)
목 5 6 (2214-1)


월 1 2 3 (0505)
월 4 5 6 (0505)
월 4 5 6 (0306)
월 7 8 9 (0306)
월 4 5 6 (2515)
월 7 8 9 (2515)
화 1 2 3 (0511)
화 4 5 6 (0511)
화 7 8 9 (0509)
목 1 2 3 (2516)
수 4 5 6 (0413)
목 2 3 4 (0509)
목 1 2 3 (0508)
목 4 5 6 (0508)
목 1 2 3 (2515)
목 4 5 6 (2515)
화 1 2 3 (0410)
화 4 5 6 (0410)
금 1 2 3 (2515)
월 3 4 5 (0508)


화 1 2 (2303-2)
수 7 8 (2301)
화 3 4 (2303-2)
화 3 4 (2501)
수 8 9 (2302)
수 5 6 (2501)
화 5 6 (2303-2)
수 7 8 (2214-1)
금 1 2 (2311-1)
월 7 8 (2503)

화 5 6 (2503)
월 7 8 (2303-3)
목 7 8 (2401)
목 7 8 (4419)
월 1 2 (2417)
화 1 2 (2306)
화 1 2 (2406)
화 7 8 (2309)


화 7 8 (1206)
수 1 2 (2502)
수 3 4 (2502)
목 3 4 (2504)
목 3 4 (2503)
목 3 4 (2511)
월 1 2 (2302)
금 3 4 (2412)
금 5 6 (2412)
목 3 4 (2408)
금 5 6 (2408)
목 5 6 (2502)
금 3 4 (2214-1)
화 3 4 (2412)
수 5 6 (2201)
화 7 8 (2213)
금 5 6 (2214-1)
금 3 4 (1206)
화 7 8 (2314)
화 5 6 (2214-1)
수 5 6 (2502)
화 5 6 (2201)
화 5 6 (2502)

금 5 6 (1206)
금 7 8 (1206)
화 5 6 (1206)
금 5 6 (2501)
목 5 6 (2408)
금 3 4 (2409)
목 5 6 (2314)
수 1 2 (2408)
목 5 6 (2504)
수 5 6 (2408)
월 1 2 (2504)


화 1 2 (2303-3)
월 3 4 (2513)
화 5 6 (2408)
수 7 8 (2504)
금 3 4 (2504)
금 5 6 (2407-1)
수 5 6 (2412)
수 7 8 (2314)
월 3 4 (2504)
수 7 8 (2201)
수 5 6 (2503)
수 5 6 (2214-1)
월 5 6 (2412)
목 7 8 (2502)
목 3 4 (2514)
목 3 4 (2301)


목 7 8 (2301)
금 1 2 (5405)
월 5 6 (2408)
목 1 2 (2213)
목 3 4 (2213)
목 7 8 (2501)
화 5 6 (5405)

월 3 4 (2214-1)
수 1 2 (2504)
화 5 6 (0214)
목 5 6 (2501)
수 7 8 (2503)
화 3 4 (2303)
금 3 4 (5405)
월 5 6 (2213)
월 3 4 (0209)
월 5 6 (0209)
목 1 2 (2504)
화 7 8 (5405)
화 1 2 (2313)
목 5 6 (2517)
화 3 4 (2214)
화 7 8 (0516)


수 7 8 (2501)
목 7 8 (2412)
화 7 8 (2214)
화 9 10 (2214-1)
수 7 8 (2213)
화 1 2 (2214-1)
화 7 8 (2502)
목 3 4 (2502)
목 7 8 (2408)
수 7 8 (2408)
월 5 6 (2503)
금 3 4 (2502)
화 7 8 (2503)
화 3 4 (2214-1)
금 7 8 (2311-1)
화 5 6 (2303)
월 3 4 (2417)
금 1 2 (2302)
화 7 8 (2412)
목 3 4 (2303)
화 7 8 (2214-1)
월 5 6 (2504)
목 7 8 (2213)
화 5 6 (2504)
금 5 6 (2517)
월 7 8 (2408)


목 5 6 (2213)
화 7 8 (2504)
수 5 6 (2401)
목 3 4 (2309)
금 3 4 (2408)
금 5 6 (2509-1)
목 3 4 (2307)
금 3 4 (2310)
수 1 2 (2214-1)
화 7 8 (0514)
목 7 8 (2303-2)
수 3 4 (2213)
화 1 2 (2213)
목 3 4 (2214-1)
화 7 8 (0518)
목 7 8 (2504)
금 5 6 (2504)
월 3 4 (2302)
화 1 2 (2504)
월 3 4 (2213)
월 3 4 (0604)
수 5 6 (2213)
금 7 8 (2503)
금 7 8 (2504)
수 7 8 (4411)
월 5 6 (2502)
목 1 2 (2214-1)
금 3 4 (2214)
월 3 4 (2314)
화 1 2 (2502)
월 3 4 (2502)
금 1 2 (2408)
수 1 2 (2412)
월 7 8 (4418)
금 5 6 (2516)
화 3 4 (2502)
목 7 8 (2503)
수 7 8 (2502)
수 3 4 (2412)
화 7 8 (2408)
월 7 8 (2504)


목 5 6 (2301)
월 5 6 (2314)
화 7 8 (2406)
월 7 8 (2314)


화 5 6 (0209)
화 7 8 (0209)
수 5 6 (0214)
수 7 8 (0214)
목 3 4 (0209)
목 5 6 (0209)
목 7 8 (0214)
금 3 4 (0209)
금 5 6 (0209)
금 7 8 (0209)


수 1 2 (0214)
수 3 4 (0214)
수 5 6 (0516)
수 7 8 (0209)
금 5 6 (2214)
월 3 4 (2514)
금 3 4 (2213)
금 7 8 (2214)
월 1 2 (2214-1)
화 3 4 (2504)
화 5 6 (2514)
금 10 11 (2201)
금 5 6 (2502)
수 3 4 (2302)
금 7 8 (2502)
목 5 6 (2503)
화 7 8 (2303)
월 7 8 (2214-1)
수 5 6 (2302)
월 5 6 (2214-1)
금 1 2 (2213)


월 1 2 (0404)
월 7 8 (0404)
화 1 2 (0513)
화 7 8 (0513)
수 1 2 (0514)
수 7 8 (0413)
월 7 8 (0409)
월 1 2 (0411)
월 7 8 (2303)
금 1 2 (2303)
화 3 4 (0513)
화 3 4 (2510)
목 5 6 (2303-2)
월 7 8 (0513)
월 3 4 (0411)
금 3 4 (2407-1)
월 7 8 (2509-1)


월 3 4 (2310)
화 3 4 (2310)
수 1 2 (2315)
목 5 6 (2509)
목 3 4 (2509)
수 3 4 (2315)
수 3 4 (2407-1)


금 5 6 (2303-2)
화 5 6 (2213)
수 1 2 (2213)
화 3 4 (2213)
화 3 4 (2302)
화 1 2 (2302)
화 3 4 (0104)
목 3 4 (6B01-무용실)
목 5 6 (2302)
목 7 8 (2302)
목 3 4 (2302)
목 3 4 (0410)
목 5 6 (6B01-무용실)
화 7 8 (2302)
화 5 6 (2302)
목 5 6 (0410)
화 7 8 (2313)
화 7 8 (2511)
수 1 2 (2302)
목 1 2 (2302)
목 3 4 (0104)
화 5 6 (6B01-무용실)
화 3 4 (6B01-무용실)
목 7 8 (2214)
화 1 2 (0104)
수 3 4 (0104)
화 5 6 ( )


월 1 2 토 1 2 3 4 (2305)
화 1 2 토 5 6 7 8 (2305)


