월 1 2 3 (5312)
금 4 5 6 (5311)
월 1 2 3 (5311)
금 7 8 9 (0207)


월 4 5 6 (4417)
화 10 11 12 (4404)
목 4 5 6 (4212)
금 4 5 6 (0213)


수 10 11 12 (5402)
수 1 2 3 (5312)
수 4 5 6 (5201)
수 7 8 9 (5208)
수 10 11 12 (5214)
화 4 5 6 (5311)
화 1 2 3 (5208)


화 3 4 (2503)
목 5 6 (2407-1)
수 3 4 (2406)
금 1 2 3 (1312)
목 4 5 6 (2415)
월 1 2 3 (2307)


목 3 4 (1513)
금 5 6 (2306)
화 5 6 (2308)
월 5 6 (2402-1)
화 3 4 (2513)
목 5 6 (2305)
수 3 4 (2310)


월 4 5 6 (4403)
수 4 5 6 (4403)
목 1 2 3 (4212)
목 7 8 9 (4207)
월 1 2 3 (4212)
화 1 2 3 (4212)
금 1 2 3 (5406)
월 1 2 3 (0516)
월 4 5 6 (0516)
화 4 5 6 (4411)
화 7 8 9 (4411)
화 4 5 6 (4403)
화 4 5 6 (4212)
화 7 8 9 (4403)
수 1 2 3 (4415)
수 4 5 6 (4415)
화 7 8 9 (4418)
목 1 2 3 (4418)
수 4 5 6 (0517)
목 4 5 6 (4415)
화 1 2 3 (0207)
월 4 5 6 (0301)
화 1 2 3 (0413)
화 7 8 9 (0412)
수 4 5 6 (0212)
수 1 2 3 (4212)
월 1 2 3 (4207)
월 7 8 9 (4207)
목 7 8 9 (4403)
수 4 5 6 (4212)
화 4 5 6 (4207)
금 10 11 12 (0301)


수 7 8 9 (5307)
금 4 5 6 (5307)
금 7 8 9 (5307)
목 7 8 9 (5307)


월 4 5 6 (0402)
수 7 8 (0310)
수 5 6 (0409)
목 7 8 (0306)
화 7 8 9 (0508)
화 4 5 6 (1402)
목 1 2 3 (0516)
목 4 5 6 (0310)
금 4 5 6 (0301)
수 4 5 6 (1410)
월 1 2 3 (0306)


화 1 2 3 (0409)
월 7 8 9 (0207)
화 4 5 6 (0409)
수 4 5 6 (0301)
월 4 5 6 (0515)


월 7 8 목 3 4 (5301)
화 7 8 목 7 8 (5301)
월 2 3 목 5 6 (5406)
화 1 2 목 3 4 (5308)
화 3 4 목 1 2 (0213)
화 1 2 목 3 4 (5313)
화 3 4 목 1 2 (5405)
월 2 수 6 7 (0604)
금 4 5 6 (5208)
월 1 2 금 7 (5201)


월 7 8 (5208)


목 4 5 6 (0517)
목 7 8 9 (0517)
화 4 5 6 (2314)


수 4 5 6 (2313)
금 4 5 6 (2402)
금 1 2 (2303-2)
금 7 8 9 (0305)
수 1 2 3 (0304)
화 4 5 6 (2403-1)
월 4 5 6 (0213)
월 1 2 (0213)
월 7 8 9 (4404)
화 5 6 (0306)
화 3 4 (2416)
화 7 8 (2403-1)
수 5 6 (2314)
화 1 2 (2416)
월 1 2 (2515)
목 7 8 (2402-1)
금 3 4 (2402-1)
목 5 6 (2402-1)
수 7 8 (2306)


화 4 5 6 (0411)
월 4 5 6 (2414)
수 4 5 6 (2303)
수 4 5 6 (0304)
목 1 2 3 (0411)
금 4 5 6 (2503)
월 4 5 6 (0514)
화 7 8 9 (0413)
화 4 5 6 (0518)
월 4 5 6 (0405)


월 1 2 3 (4404-1)
화 7 8 9 (4219)
월 4 5 6 (4411)
수 4 5 6 (4219)
목 7 8 9 (4411)
목 4 5 6 (4417)
화 1 2 3 (0514)
월 7 8 9 (4219)
월 4 5 6 (4415)
금 7 8 9 (4219)
수 1 2 3 (4207)
목 4 5 6 (4207)
화 7 8 9 (0102)
수 1 2 3 (4219)
화 4 5 6 (4219)
수 7 8 9 (4219)
화 1 2 3 (4207)
목 1 2 3 (4219)
금 7 8 9 (4402)
수 1 2 3 (4216)
수 4 5 6 (4411)
목 4 5 6 (4411)
목 1 2 3 (4417)
수 1 2 3 (4417)
월 1 2 3 (4219)
월 4 5 6 (4219)
목 4 5 6 (4219)
월 7 8 9 (4415)
금 4 5 6 (4219)
목 7 8 9 (5405)
월 4 5 6 (4404-1)


월 5 6 (1501)
월 7 8 (4402)
화 1 2 (2315-1)
화 1 2 (1501)
화 3 4 (1501)
목 1 2 3 (2214)
목 4 5 6 (0411)
화 3 4 (2315-1)
화 5 6 (1501) 목 3 (0503)
목 7 8 (2305)
월 3 4 (1501)
월 1 2 (1501)
수 4 5 6 (4402)
수 1 2 3 (0305)
수 5 6 (0402)
월 3 4 수 3 (2403-1)
월 5 6 (2311-1)
화 1 2 3 (2403-1)
화 5 6 (2404-1)
목 3 4 (0212)
월 5 6 (4402)
목 7 8 (0411)
목 1 2 (1501)
화 7 8 (1501)
월 1 2 (4402)
수 1 2 3 (4402)
수 7 8 (0212)
수 3 4 (1501)
수 7 8 (0404)
수 1 2 (2403-1)


목 5 6 (0104)
목 7 8 (0104)
월 7 8 (5405)
금 5 6 (5406)
수 7 8 9 (0501)
화 7 8 (0604)
목 5 6 (1206)
수 4 5 6 (0311)
목 9 금 9 (1511)
목 7 8 (1206)
수 1 2 3 (1511)
월 1 2 3 (1511)
목 1 2 (0303)
월 7 8 (0303)
화 7 8 9 (0517)
수 7 8 (0311)
목 7 8 (0104)
수 4 5 6 (0501)
월 4 5 6 (1511)
화 4 5 6 (1511)
화 5 6 (0604)
목 7 8 (0104)
목 11 (1511)
목 4 5 6 (5405)
목 1 2 (1511)
목 10 금 10 (1511)


목 3 4 (2315-1)
월 3 4 (2508-1)
월 1 2 (1306)
화 1 2 (1306)
목 5 6 (1411)
화 5 6 (2403)
목 1 2 (1306)
수 3 4 (2403)
화 3 4 (2403)
수 7 8 (1306)


금 1 2 3 (5310)


화 1 2 수 1 2 목 1 2 (0515)
화 1 2 수 1 2 목 1 2 (0403)
월 3 4 화 1 2 목 1 2 (0311)
월 5 6 화 7 8 수 3 4 (0310)
화 3 4 (1303) 수 7 (1309)
화 7 8 (1303) 수 6 (1309)
화 3 4 목 3 (2308)
화 3 4 목 5 (2507-1)
화 5 6 (2410)
수 3 4 (1409)
수 5 6 (1409-1)
월 3 4 (2404-1)
목 7 8 (1409-1)
월 2 수 3 4 (2303-3)
월 6 목 3 4 (2404-1)
화 2 목 3 4 (2507-1)
화 5 6 수 5 6 목 5 6 (0515)
화 5 6 수 5 6 목 5 6 (0403)
월 7 8 화 5 6 목 5 6 (0311)
월 7 8 화 5 6 수 5 6 (0310)
월 4 5 6 (1409)
월 1 2 3 (1302)
월 3 4 수 2 (2303-3)
월 3 4 수 3 (2511)
화 3 4 (2404-1)
월 7 8 (2310)
화 3 4 (2410)
수 1 2 (1409)
목 5 6 (1409-1)
수 3 4 (2404-1)
월 7 8 (2404-1)
화 1 2 (2309)
목 3 4 (1401)

수 7 8 (2403)
목 5 6 (1409)
화 7 8 (0311)
목 7 8 (0403)
월 5 6 (1409-1)
월 7 8 (1409)
목 3 4 (1409-1)
수 5 6 (2410)


목 5 6 (1310)
화 3 4 (1306)
화 5 6 (1306)
월 7 8 (1306)
목 5 6 (2312)
수 5 6 (1306)
월 3 4 (1306)
목 3 4 (2508)
수 5 6 (2509-1)
수 3 4 (2508-1)
수 3 4 (2509-1)



수 1 2 (2309)


수 7 8 (1313)
월 7 8 (1313)
화 5 6 (1313)
화 3 4 (1313)
화 1 2 (1313)
화 7 8 (1309)
화 5 6 (1309)
월 1 2 (2310)
월 5 6 (1313)
목 3 4 (1313)
목 5 6 (1313)
목 5 6 (2509-1)
수 1 2 3 (1313)
목 7 8 9 (1313)
화 7 8 (1313)
목 1 2 (1313)
화 3 4 (1309)
월 1 2 (1313)
금 3 4 (1313)
금 1 2 (2507)
월 7 8 (2311)
월 3 4 (1313)
월 5 6 (2303-2)
수 5 6 (1313)
수 7 8 (2303-2)



화 1 수 1 2 (0303)
목 1 2 (1309)
화 3 4 (2311)
수 5 6 (1411)
월 3 (1411)
월 1 2 수 1 (1411)
수 7 8 (0306)
목 3 4 (2312)
월 3 4 (2311)
월 5 6 (2311)
화 1 2 (1411)
화 3 4 (1411)
화 5 6 (2311)
수 3 4 (1411)
수 7 8 (1411)
목 5 6 (2310)
화 7 8 (0206)
목 1 2 (1411)
수 5 6 (0306)
화 5 6 (0309)
목 3 4 (2310)
목 3 4 (1411)


화 1 2 (1509)
화 3 4 (1509)
화 5 6 (1509)
화 7 8 (1509)
금 1 2 (1509-1)
수 5 6 (1509-1)
수 7 8 (1509-1)
월 5 6 (2415)
수 1 2 (1509)
수 3 4 (1509)
목 1 2 (1509)
월 1 2 (1509)
월 3 4 (1509)
월 3 4 (1509-1)
목 5 6 (1509)
목 7 8 (1509-1)
금 1 2 (1301)
수 1 2 (1509-1)
월 5 6 (1509-1)
월 7 8 (1509-1)
금 3 4 (1509)
수 7 8 (1509)
금 5 6 (1509)
금 7 8 (1509)
월 1 2 (1403)
화 5 6 (1411)
목 7 8 (1509)
화 1 2 (1509-1)
금 7 8 (1301)
월 5 6 (2403)
월 5 6 (1509)
목 3 4 (1509)
월 7 8 (1509)
금 3 4 (1301)
월 3 4 (2415)
금 1 2 (1509)
월 3 4 (2403)
수 5 6 (1509)


수 7 8 9 (4415)
화 4 5 6 (4415)
목 7 8 9 (4213)
화 7 8 9 (4213)
수 7 8 9 (4213)
수 4 5 6 (5406)
월 7 8 9 (0515)
화 4 5 6 (4213)


수 5 6 (0502)
목 1 2 (0404)
목 4 5 6 (0504)
수 3 4 (0502)


화 2 (5310) 금 7 8 (5101)
월 7 8 9 (5402)
화 5 6 목 7 8 (5101)
월 7 금 5 6 (5101)
월 1 2 3 (5402)
화 3 4 금 3 4 (5101)
수 2 3 4 (5101)
월 8 수 7 8 (5101)
목 2 (5101)
화 7 8 (5207)
수 5 6 목 7 (5311)
화 2 목 5 6 (5101)
월 1 2 3 (5101)
월 5 6 수 4 (5311)


화 7 8 9 (2512)
월 4 5 6 (0403)
월 1 2 3 (0518)
월 10 11 12 (0301)
수 4 5 6 (0207)


화 7 8 (1311)
월 1 2 (1311)
화 3 4 목 3 4 (1311)
화 1 2 목 1 2 (1311)
월 7 8 (1311)
수 3 4 (1311)
금 3 4 (2314)
금 3 4 (1311)
수 1 2 금 1 2 (2509)
수 1 2 금 1 2 (2509-1)
수 1 2 금 1 2 (1311)
목 5 6 (1311)
월 3 4 (1311)
목 10 11 (0304)
수 7 8 (1311)
수 5 6 (1311)
월 10 11 (0304)
화 1 2 (2315)
화 5 6 (1311)
화 3 4 (2315)


월 4 5 6 (4215)
수 1 2 3 (4215)
화 4 5 6 (4417)
월 1 2 3 (4215)
화 7 8 (4214)
금 1 2 3 (4215)
화 7 8 9 (4215)
목 7 8 9 (4215)
목 4 5 6 (4215)
목 7 8 9 (4214)
목 1 2 3 (4215)
화 4 5 6 (4215)
화 3 (4215)
수 4 5 6 (4215)


화 2 3 수 4 (5403)
월 8 9 수 5 (5403)
월 2 수 2 3 (5403)
월 6 화 6 7 (5403)
목 1 금 1 2 (5403)
목 2 금 3 4 (5403)
월 6 (5203) 금 1 2 (5214)
월 3 (5403) 수 4 5 (5203)
월 7 8 수 7 (0403)
월 1 2 수 8 (0403)
월 4 수 2 3 (5406)
월 7 (5203) 화 1 2 (5214)
월 8 화 5 6 (5203)
월 5 목 5 6 (0501)
목 7 8 9 (5203)
수 4 (5538)
월 7 수 8 9 (5403)
월 1 2 3 (5203)
월 4 수 6 7 (5403)


화 7 8 목 5 6 (0207)
화 7 8 목 5 6 (0309)
화 5 6 목 7 8 (0514)
화 5 6 수 7 (0416)
수 4 5 6 (0416)
목 9 10 11 12 (0416)
화 9 10 11 12 (0416)
월 5 6 화 7 (0416)
월 7 목 5 6 (0416)
목 5 6 (0514)
화 3 목 1 2 (0416)
수 3 4 목 4 (0206)
수 9 10 금 9 10 (0416)
금 1 2 3 (0416)
월 5 6 화 7 (0303)
월 8 화 1 2 (0416)
화 1 2 3 (0415)
월 10 11 12 (0416)
월 3 4 수 8 (0504)


화 3 4 (2306)
목 5 6 (1302)
화 7 8 (1306)
월 3 4 (2312)
수 5 6 (1403)
수 3 4 (2402-1)
화 7 8 (2403)
목 7 8 (1302)
화 5 6 (1302)
월 5 6 (2312)
목 3 4 (1306)
수 3 4 (1306)


화 1 2 3 (2511)
월 4 5 6 (2507-1)
월 7 8 9 (2507-1)
화 4 5 6 (2509-1)
화 7 8 9 (2509-1)
목 4 5 6 (2516)
수 4 5 6 (2513)


화 5 6 (1513)
화 1 2 (1513)
월 2 (1513)
월 1 (1513)
월 8 화 7 8 (1513)
월 7 화 3 4 (1513)
목 5 6 (2303)
목 1 2 (1308)
월 5 6 (2302)
수 5 6 (1513)
수 1 2 (1513)
월 2 (2311)
월 1 (2311)
금 5 6 (1307)
월 4 수 7 8 (1513)
월 3 수 3 4 (1513)
금 3 4 (1513)
금 1 2 (1513)
목 5 6 (1513)
목 1 2 (1513)
월 5 6 (1513)
화 3 4 (1403)
화 1 2 (1403)
금 3 4 (1307)
수 1 2 (1507)
월 3 4 (1504-1)
금 5 6 (1513)
수 3 4 (1507)


화 5 6 목 3 4 (3311)
화 1 2 목 3 (0304)
화 5 6 목 5 (0401)
화 1 2 목 1 2 (0302)
화 1 2 목 1 2 (0305)
월 1 2 수 1 2 (3310)
화 5 6 목 5 (0206)
수 7 8 금 5 6 (3311)
월 3 수 5 6 (3310)
월 1 2 수 1 2 (3311)
화 3 목 1 2 (0206)
화 1 2 목 6 (3311)
월 5 6 목 5 (3311)
화 5 6 목 7 (0303)
금 5 6 (3310)
월 5 6 수 7 (3310)
수 5 6 금 7 (3311)


화 1 2 (1309)
화 1 2 (1302)
화 1 2 (1503-1)
화 1 2 (2404)
화 1 2 (2402)
화 1 2 (2402-1)
목 3 4 (1302)
목 3 4 (1301)
목 3 4 (1312)
목 3 4 (2303-2)
목 3 4 (2306)
목 3 4 (1503)
월 4 5 6 (1303)
월 4 5 6 (1312)
월 4 5 6 (1403)
월 4 5 6 (2508)
월 4 5 6 (2510)
월 1 2 (2306)
월 1 2 (1503-1)
월 1 2 (1503)
월 1 2 (2407-1)
월 1 2 (2308)
월 1 2 (2402)
화 5 6 (1503-1)
화 5 6 (2310)
화 5 6 (2306)
화 5 6 (2508)
화 5 6 (2510)
화 5 6 (2315-1)
화 3 4 (1503)
화 3 4 (1507-1)
수 3 4 (1503-1)
수 3 4 (1503)
금 1 2 (1507-1)
수 7 8 (2403-1)
수 7 8 (2404)
수 7 8 (2310)
수 7 8 (2305)
수 7 8 (1503)
목 1 2 (1507-1)
목 1 2 (1503-1)
금 1 2 (1507)
금 1 2 (1503-1)
수 5 6 (1303)
수 5 6 (2407-1)
수 5 6 (2403-1)
수 5 6 (2404)
수 5 6 (2507)
수 5 6 (2409)
금 5 6 (1403)
금 5 6 (1312)
금 5 6 (2312)
금 5 6 (1503-1)
금 5 6 (1503)
수 1 2 (2311-1)
수 1 2 (2407-1)
수 1 2 (2303-2)
수 1 2 (2305)
수 1 2 (2507)
월 3 4 (1503-1)
월 3 4 (1503)
월 3 4 (2402)
월 3 4 (2308)
목 3 4 (1507-1)
목 3 4 (1503-1)
금 3 4 (1503)
금 3 4 (1507)
금 3 4 (1503-1)
월 5 6 (1503-1)
월 5 6 (2407-1)
월 5 6 (1503)
금 1 2 (2312)
수 7 8 (2311-1)
화 1 2 (1503)
화 1 2 (1507-1)
수 5 6 (1503)
목 5 6 (1503-1)
목 5 6 (1507-1)
수 1 2 (1503)
목 5 6 (2404-1)
목 7 8 (1309)
목 1 2 (1503)
화 5 6 (1305)
수 5 6 (2305)
화 5 6 (1503)
목 3 4 (1403)
화 3 4 (2407)
목 5 6 (1403)
수 3 4 (2409)
화 3 4 (1302)
금 3 4 (2308)
월 7 8 (1403)
화 1 2 (1303)
수 3 4 (2305)
화 7 8 (1503)
화 3 4 (2404)
목 3 4 (1303)
목 3 4 (2305)
목 3 4 (2510)
목 5 6 (1301)
목 5 6 (1312)
목 5 6 (1503)
화 3 4 (2508)
화 3 4 (1503-1)
금 3 4 (1507-1)
금 5 6 (1507-1)
수 3 4 (1303)
수 3 4 (2404)
수 3 4 (2507)
금 7 8 (1403)
금 7 8 (1312)
금 3 4 (2312)
금 3 4 (2315-1)
수 5 6 (1503-1)
금 1 2 (1503)
목 1 2 (1303)


화 7 8 (0305)
수 7 8 (0506)
목 5 6 (0503)
월 3 4 목 3 4 (0511)
화 1 2 (0206) 목 3 4 (0412)
월 5 6 금 3 4 (0309)
목 7 8 (0504)
목 1 2 (0506)
수 5 6 (0405)
화 5 6 (0503)
수 5 6 (0503)
수 7 8 (0405)
화 3 4 (0503)
화 5 6 (0305)
화 3 4 (0504)
목 3 4 (0502)
수 3 4 (0506)
목 7 8 (0502)
월 7 8 (0304)
수 5 6 (0506)
목 5 6 (0506)


수 3 4 (0405)
수 5 6 (1507)
화 3 4 (2507)
목 3 4 (0506)
월 3 4 (1507)


화 5 6 (1403)
화 3 4 (2303-3)
목 3 4 (2508-1)


월 4 5 6 (0503)
화 4 5 6 (2512)


수 7 8 9 (4210)
목 4 5 6 (4210)
금 1 2 3 (4210)
수 1 2 3 (4210)
수 4 5 6 (0303)
금 4 5 6 (4210)
목 1 2 3 (4405)
화 1 2 3 (4210)
월 4 5 6 (4210)
월 7 8 9 (4210)
화 4 5 6 (4210)
금 7 8 9 (4210)
수 7 8 9 (0303)


수 1 2 3 (1402)
화 1 2 3 (1402)
수 5 6 (0305)
목 3 4 (2402)
수 7 8 (0206)
화 5 6 목 5 (2402)
금 1 2 3 (1410)
목 1 2 (0513)


목 5 6 (1410)
목 7 8 (1410)
화 1 2 (1410)
수 5 6 (1402)
화 4 5 6 (0301)
수 1 2 3 (1410)
금 1 2 3 (2406)
금 4 5 6 (2406)
월 4 5 6 (1401)
목 1 2 3 (2403-1)
목 5 6 (2315-1)


목 3 4 (0513)
수 3 4 (0504)
수 5 6 (0504)
수 5 6 (0206)
목 1 2 (0503)
화 1 2 (0504)
화 5 6 (0304)
금 3 4 (0405)
목 5 6 (0512)
금 5 6 (0304)
목 5 6 (0404)
월 4 5 6 (0207)
화 7 8 (0502)
화 5 6 (0502)
수 7 8 (0309)
수 1 2 (0502)
화 1 2 3 (0405)
목 3 4 (0505)
목 5 6 (0505)


화 1 2 수 3 4 (2311)
목 1 2 (0505)
수 1 2 3 (2312-1)
화 5 6 (1410)
금 1 2 (0514)
월 4 5 6 (1402)
화 3 4 (2402)
수 5 6 (2312-1)
화 5 6 (2303-3)
목 1 2 (1402)
화 3 4 (2307)
목 3 4 (1402)
월 1 2 (1402)
금 7 8 (1402)
수 5 6 (2303-3)
수 1 2 (2308)
수 3 4 (2308)
수 7 8 (2307)
화 5 6 (2307)
월 7 8 (1402)
월 1 2 (2315)
월 3 4 (2315)
수 7 8 (1402)
수 3 4 (2307)
수 5 6 (2307)
목 5 6 (1402)
금 7 8 (1410)
화 7 8 (2303-3)
목 5 6 (2307)
화 4 5 6 (2509)
화 1 2 (2509)
목 7 8 (1402)
금 1 2 (0306)
수 7 8 (2303-3)
월 5 6 (2315)
수 5 6 (2311)


금 7 8 (0304)
목 3 4 (0512)


월 1 2 (1303)
화 3 4 (1310)
수 4 (2315-1)
화 1 2 (1307)
목 1 2 (1310)
월 3 4 (1409-2)
수 1 2 3 (2315-1)
월 1 2 (1310)
수 5 6 (1310)

화 1 2 (1310)
화 7 8 (1310)
목 3 4 (1310)
화 5 6 (1310)
금 5 6 (1310)
월 5 6 (1310)
수 3 4 (1310)
금 3 4 (1310)
수 5 6 (2310)
월 3 4 (1310)


월 7 8 9 (0516)
수 1 2 3 (0517)
목 4 5 6 (4404)
화 4 5 6 (4404)
화 7 8 9 (4404)
수 4 5 6 (4404)
목 7 8 9 (4404)


수 3 4 (0604)
화 3 4 (0214)
화 3 4 (0516)
수 1 2 (0604)
수 5 6 (0518)
수 7 8 (0518)
금 5 6 (0214)
수 1 2 (0503)
화 5 6 (0405)


목 5 6 (0502)
월 4 5 6 (0502)
수 7 8 (0502)
월 7 8 (0309)
목 1 2 (0502)
월 1 2 (0309)
월 5 6 (0305)
수 1 2 (0506)


수 1 2 3 (1504)
수 1 2 3 (1504-1)
목 7 8 (1303)
월 5 6 (1504-1)
수 5 6 (2510)
금 1 2 (1504-1)
금 3 4 (1504-1)
목 3 4 (1504-1)
목 5 6 (1504-1)
화 1 2 (1305)
화 1 2 (2312)
수 5 6 (1504)
수 5 6 (1504-1)
화 3 4 (2309)
화 3 4 (1504-1)
수 3 4 (2510)
금 1 2 (1504)
금 3 4 (1504)
월 1 2 (1504)
월 3 4 (1504)
월 5 6 (1504)
월 5 6 (2310)
화 7 8 (1305)
화 5 6 (1303) 목 5 6 (1306)
화 1 2 (1504-1)
목 3 4 (1409)
목 1 2 (1409)
목 1 2 (2303-2)
목 3 4 (2402-1)
화 5 6 (2309)
수 7 8 (1504-1)


월 3 4 (1307)
수 3 4 (2411)
월 5 6 (1307)
목 3 4 (2407-1)
화 3 4 (1307)
화 5 6 (1307)
목 7 8 (1307)
목 3 4 (1307)
목 5 6 (1307)
화 3 4 (1409)
월 7 8 (1307)
수 5 6 (2411)
화 7 8 (2311-1)
화 7 8 (1307)
수 7 8 (2411)
수 3 4 (1307)
월 1 2 (1307)


월 7 8 (1506)
금 3 4 (1506-1)
화 3 4 (2402-1)
화 5 6 (1506-1)
화 1 2 (1506)
목 1 2 (1507)
목 5 6 (2403)
목 7 8 (2403-1)
목 3 4 (1410)
월 5 6 (1506)
월 7 8 (1506-1)
수 1 2 (1506)
화 5 6 (2415)
목 3 4 (2311)
목 3 4 (2403)
금 3 4 (1401)
월 1 2 (1506)
화 3 4 (2415)
수 3 4 (1506-1)
수 3 4 (2415)
수 5 6 (1506-1)
수 5 6 (2415)
목 5 6 (2311)
금 5 6 (1306)
화 1 2 (1506-1)
화 3 4 (1506-1)
화 5 6 (1506)
화 5 6 (2402-1)
목 3 4 (1506-1)
목 5 6 (1506-1)
목 5 6 (1506)
목 7 8 (1314)
목 3 4 (1507)
화 3 4 (1334)
화 7 8 (2312)
수 5 6 (1305)
화 7 8 (1506)
수 1 2 (2415)
금 7 8 (1401)
수 3 4 (1312)
화 3 4 (1506)
금 5 6 (1401)


월 5 6 (2509)
금 5 6 (1506-1)
금 3 4 (1306)
목 5 6 (2403-1)
수 7 8 (1506-1)
수 3 4 (1506)
화 7 8 (1506-1)


월 4 화 5 6 (5207)
화 7 목 7 8 (5312)
월 5 수 7 8 (5402)
월 7 8 수 3 (5206)
월 3 수 5 6 (5214)
금 7 8 9 (5212)
금 7 8 9 (5314)
화 8 9 목 6 (5312)
화 6 7 목 7 8 (5314)
화 3 4 금 5 6 (5212)
월 5 6 수 3 (5310)
월 2 3 수 2 (5314)


화 1 2 목 3 (0401)
화 7 8 (3315)
목 7 8 (3315)
월 3 수 5 6 (0401)
월 1 2 수 3 (0401)
수 7 8 9 10 11 (3315)
수 1 2 (0401)
화 3 4 목 1 2 (3114)
화 1 2 목 3 4 (3114)
화 5 목 5 6 (3114)
화 7 8 9 10 (3318-1)
월 5 수 7 8 (0401)
월 9 (0401)
월 7 8 (0401)


월 4 5 6 (4404)
수 7 8 9 (4214)
목 4 5 6 (4214)


화 1 2 목 1 2 (5301)
월 7 8 목 3 4 (5307)
월 5 6 목 6 (0214)
월 3 금 3 4 (0214)
월 1 수 1 2 (5213)
수 3 4 금 6 (5213)
월 4 금 1 2 (5213)
월 6 목 1 2 (5213)
월 9 화 5 6 (5213)
월 7 8 목 3 (0214)
월 5 목 6 7 (0412)
화 7 8 9 (5208)
화 1 2 3 (0501)
월 1 2 3 (0303)
수 2 금 2 3 (5301)


월 7 8 9 (2513)
금 7 8 9 (0514)
수 7 8 9 (2311)
금 4 5 6 (2311)
수 4 5 6 (2309)
금 1 2 3 (2311)



수 3 4 목 3 4 (0309)
화 3 4 (0505)
목 4 5 6 (0305)
수 5 6 (0309)
수 3 4 (0505)
수 1 2 (0309)
수 5 6 (0505)


목 3 4 (2404)
수 5 6 (2508-1)
월 7 8 (0405)
월 7 8 (2312-1)
월 7 8 (2410)
화 3 4 (1505-1)
목 5 6 (1505-1)
목 7 8 (1505-1)
목 3 4 (1505)
월 5 6 목 3 4 (2416)
월 5 6 (0504) 목 3 4 (0306)
월 3 4 목 5 6 (1505)
목 5 6 (1303)
수 5 6 (1312)
수 8 9 (1312)
월 3 4 (2404)
월 5 6 (2404)
월 3 4 (1505-1)
월 3 4 (2509-1)
수 3 4 (1304)
수 5 6 (1304)
월 5 6 (1304)
금 3 4 (2307)
수 3 4 (2507-1)
금 5 6 (1505)
월 5 6 수 7 8 (2312-1)
월 5 6 수 7 8 (2508-1)
월 5 6 수 7 8 (2410)
월 5 6 수 7 8 (1505-1)
금 1 2 (1505)
금 3 4 (1505)
금 1 2 (1505-1)
금 3 4 (1505-1)
목 1 2 (1505-1)
목 5 6 (2410)
목 5 6 (2416)
수 1 2 (1505)
수 3 4 (1505)
수 1 2 (1505-1)
수 3 4 (1505-1)
목 3 4 (2410)
화 5 6 (1312)
목 5 6 (2404)
목 7 8 (1505)
목 3 4 (0409)
월 3 4 (1305)
월 5 6 (1305)
월 7 8 (1305)
목 7 8 (2313)
수 5 6 (1505-1)
수 5 6 (2315-1)
수 1 2 (2417)
화 3 4 (2417)
화 1 2 (1505)
화 3 4 (1505)
수 1 2 (2307)
월 3 4 (1304)
화 1 2 (1505-1)
수 5 6 (2507-1)
목 5 6 (2510)


수 3 4 (0503)
월 7 8 (0502)
월 1 2 (0304)
화 5 6 (0506)
화 1 2 3 (0412)
목 7 8 (0501)
월 5 6 (0304)
화 7 8 (0304)
월 3 4 (0309)
화 3 4 (0506)


화 5 6 목 7 (1502)
목 1 2 (1502)
월 7 8 목 3 4 (1502)
화 5 6 목 7 (2315)
월 7 8 목 3 4 (2315)
수 7 8 (1502)
수 5 6 (1502)
월 3 4 (1502)
수 5 6 (2315)
수 3 4 (1502)
월 1 2 (1502)
수 1 2 (1502)
목 5 6 (1502)
화 1 2 (1502)
화 7 8 9 (1502)
화 3 4 (1502)
월 5 6 (1502)
금 5 6 (1502)
금 3 4 (1502)
금 1 2 (1502)
목 7 8 9 (2307)
월 9 10 (1410)


화 5 6 (0504)
목 7 8 (0305)
화 5 6 (0505)
목 5 6 (0306)
화 7 8 9 (0504)
월 4 5 6 (0506)


화 7 8 9 (4417)
월 4 5 6 (4216)
화 1 2 3 (4419)
목 7 8 9 (4216)
월 4 5 6 (4214)
화 1 2 3 (4214)
월 7 8 9 (4216)
화 4 5 6 (4216)
수 4 5 6 (4216)
금 1 2 3 (4216)
금 4 5 6 (4214)
수 7 8 9 (4216)
목 4 5 6 (4419)
금 4 5 6 (4216)
목 1 2 3 (4216)


화 1 2 목 1 (1514)
화 3 4 목 2 (1514)
월 5 6 (1514)
월 7 8 (1514)
월 1 목 3 4 (2411)
월 2 목 5 6 (2411)
금 1 2 (1514)
수 1 2 (1514)
수 3 4 (1514)
월 3 4 (2306)
수 1 2 (2402)
수 3 4 (2402)
금 5 6 (0502)
화 7 8 (1514)
화 3 4 (2515)
월 1 2 (1514)
월 7 8 (2402)
목 3 4 (1514)
화 5 6 (1514)
수 5 6 (1514)
월 3 4 (1514)
수 7 8 (1514)
금 3 4 (0502)
목 5 6 (1514)
월 5 6 (2402)


금 8 9 (5402)
금 8 9 (5309)
금 8 9 (5201)
수 5 6 금 3 (5402)
수 1 2 금 6 (5405)
수 7 8 9 (5201)


화 5 6 목 7 (5309)
화 1 2 목 3 (0310)
화 7 목 5 6 (5201)
월 7 목 1 2 (5313)
월 5 6 8 (5313)
수 3 금 1 2 (5208)
수 1 2 (5309) 금 3 (5308)
월 7 8 금 5 6 (5308)
수 1 2 금 3 (5201)
수 3 금 1 2 (5201)
수 1 2 3 (5402)
수 7 8 9 (5406)
수 7 8 9 (5405)
월 3 4 금 4 (5309)
화 7 목 5 6 (5309)
화 1 2 목 3 (5309)
화 3 목 1 2 (5309)
화 5 6 목 3 (5402)
화 7 목 1 2 (5402)
화 1 2 목 7 (5201)
화 3 목 5 6 (0518)
월 7 8 금 4 (5201)
월 5 6 화 8 (5206)
화 5 6 목 7 (5208)


화 5 6 (2312-1)

목 3 4 (1510)
화 3 4 (1510)
목 7 8 (1510-1)
화 1 2 (1510)
수 5 6 (1307)
수 7 8 (1510-1)
화 5 6 (1510)
수 5 6 (1510)
수 7 8 (1510)
수 1 2 (1510-1)
수 3 4 (1309)
목 1 2 (2407-1)
목 5 6 (1510)
목 5 6 (1511)
월 5 6 (1510)
목 1 2 (1510-1)
화 3 4 (1510-1)
목 3 4 (1510-1)
월 3 4 (2402-1)
화 1 2 (1510-1)
목 7 8 (1306)
화 5 6 (1510-1)
수 3 4 (1510)
화 7 8 (1510-1)
목 5 6 (1510-1)
월 5 6 (1510-1)
월 1 2 (1510-1)


목 4 5 6 (0304)
월 4 5 6 (0206)
월 7 8 9 (0206)
수 7 8 9 (0301)
목 7 8 9 (0304)
목 1 2 3 (0504)


화 3 4 금 4 (0302)
월 5 6 (5406) 목 5 6 (0303)
월 5 6 (5405) 목 5 6 (0302)
목 3 4 (0301)
화 2 목 7 8 (0209)
월 5 6 금 5 6 (0302)
월 1 2 수 1 (0209)
수 2 3 (0209)
수 5 6 금 2 (0209)
금 3 4 (0212)
화 1 2 목 1 2 (0301)
화 5 6 목 7 8 (0302)
월 3 목 5 6 (0301)
월 4 수 3 4 (0302)
화 1 2 3 (0309)
월 3 4 수 4 (0305)


목 3 4 (0404)
목 7 8 9 (5406)
화 7 8 9 (0404)
수 4 5 6 (0514)
화 4 5 6 (0404)
수 7 8 9 (0514)


화 1 2 (1314)
화 3 4 (1314)
화 5 (1314)
화 6 (1314)
목 3 4 (1314)
목 5 6 (1314)
목 1 2 (1314)
목 1 2 (1312)
수 5 6 (1314)
수 7 8 (1314)
수 1 2 (1314)
수 3 4 (1314)
금 1 2 (1314)
금 3 4 (1314)
월 1 2 (1314)
월 3 4 (1314)
화 5 6 (2313)
월 5 6 (1314)
화 3 4 (1507)
화 1 2 (1511)
화 7 8 (1314)
수 5 6 (1302)
월 3 4 (1309)
수 1 2 3 (1302)


월 7 8 목 7 8 (1308)
화 1 2 목 3 4 (2312-1)
화 3 4 목 1 2 (2312-1)
월 5 6 (1308)
수 3 4 금 3 (1308)
수 3 4 금 3 (1403)
수 3 4 금 3 (2303-2)
월 3 4 목 5 6 (2312-1)
월 5 6 수 5 6 (2308)
월 7 8 수 7 8 (2308)
화 3 4 (1308)
화 1 2 (1308)
수 1 2 (1308)
월 3 4 (1308)
목 3 4 (1308)
화 1 2 (1312)
월 1 2 (2312-1)
목 5 6 (2308)
목 7 8 (2308)
화 7 8 (1302)
화 3 4 (1312)
수 7 8 (1308)
화 5 6 (1308)
목 5 6 (1308)
월 1 2 (1308)
화 7 8 (1308)
월 5 6 (2303)


월 4 5 6 (2309)
목 1 2 3 (1409-2)
월 1 2 3 (2309)
수 7 8 9 (1409-2)
수 4 5 6 (1409-2)
목 7 8 9 (2303)
수 1 2 3 (0306)
화 1 2 3 (1409-2)
금 4 5 6 (2309)
목 1 2 (0306)
목 4 5 6 (2313)
화 4 5 6 (1409-2)
화 7 8 9 (0306)
수 10 (1409-2)
목 1 2 3 (2313)
금 1 2 3 (2309)
화 10 (0306)


금 1 2 3 (2413)
목 4 5 6 (2406)
수 1 2 3 (2414)
수 7 8 9 (2309)
화 1 2 3 (0411)


화 5 6 (1512)
월 1 2 (2303-2)
월 3 4 (2303-2)
월 5 목 5 6 (2306)
월 6 목 7 8 (2306)
화 3 4 (1512)
화 1 2 (1512)
수 3 4 (2306)
수 1 2 (2306)
월 1 2 목 6 (1512)
월 3 4 목 5 (1512)
목 3 4 (1512)
목 1 2 (1512)
금 3 4 (1512)
금 1 2 (1512)
수 5 6 (2417)
화 5 6 (2311-1)
수 1 2 (1512)
수 7 8 (2417)
화 7 8 (1512)
월 5 6 (1512)
월 7 8 (2306)
수 3 4 (1512)
화 1 2 (2307)
수 5 6 (1512)


화 3 4 (0306) 목 1 2 (3413)
화 3 4 (3411) 목 1 2 (3516)
월 1 2 (3411) 수 3 4 (3413)
월 3 4 (3411) 수 1 2 (3413)
월 5 6 수 3 (0518)
월 7 목 5 6 (0604)
수 6 (3114) 수 7 8 (3413)
금 6 7 8 (3413)
화 3 목 1 2 (0604)
월 7 8 목 5 (0402)
화 6 7 8 (3415)
목 6 7 8 (3415)
화 1 2 목 3 (0604)
월 3 4 (0416) 목 2 (0517)
화 3 4 수 7 (0402)
월 5 6 수 5 (0604)
월 7 8 화 5 (3411)
수 3 4 목 3 (0402)
화 6 7 8 (3416-1)
목 6 7 8 (3416-1)
화 2 수 5 6 (3411)
금 3 4 (3411)


화 7 8 (0214)
월 1 2 3 (0415)
화 5 수 5 6 (0415)
월 5 화 3 4 (0517)
금 4 5 6 (0415)
수 7 8 (0415)
화 4 수 3 4 (0415)
목 4 5 6 (0415)
월 3 4 화 5 (0517)
수 2 목 1 2 (0415)
금 1 2 3 (0415)
월 5 6 화 9 (0415)
화 7 8 (0415)
월 7 8 화 6 (0415)


